517
43
971
716
929
853
284
814
865
266
860
906
404
17
422
241
350
665
374
490
527
596
917
701
776
46
495
523
929
139
432
446
182
755
515
463
608
799
277
826
66
137
84
822
154
858
415
504
523
790
346
51
738
615
104
867
661
600
390
942
739
174
389
273
282
256
736
242
407
365
420
825
503
504
648
9
362
63
866
238
205
564
641
944
180
745
163
193
697
553
136
436
80
525
61
362
781
149
604
540
515
25
366
370
881
14
379
244
429
597
834
987
162
475
283
694
572
446
887
270
999
23
58
431
900
120
793
33
621
750
574
136
775
940
506
656
306
238
252
87
835
438
74
349
265
357
43
838
155
283
460
507
306
518
938
559
990
732
592
612
482
518
100
609
458
607
617
116
197
222
204
384
660
630
734
278
988
129
116
143
412
928
650
719
798
941
630
789
673
222
753
507
93
205
468
551
164
85
20
361
659
224
746
672
854
832
950
194
961
418
690
374
346
692
445
144
633
75
285
658
649
390
165
742
596
985
646
760
423
666
122
82
242
220
754
448
52
704
643
13
474
685
739
820
377
536
317
363
611
954
21
613
345
539
355
293
524
1
53
947
19
527
382
261
747
136
710
151
193
705
517
19
390
256
192
767
793
509
482
756
463
504
369
160
395
725
453
271
78
507
571
98
386
953
711
486
441
421
637
986
