1
9
13
14
17
19
19
20
21
23
25
33
43
43
46
51
52
53
58
61
63
66
74
75
78
80
82
84
85
87
93
98
100
104
116
116
120
122
129
136
136
136
137
139
143
144
149
151
154
155
160
162
163
164
165
174
180
182
192
193
193
194
197
204
205
205
220
222
222
224
238
238
241
242
242
244
252
256
256
261
265
266
270
271
273
277
278
282
283
283
284
285
293
306
306
317
345
346
346
349
350
355
357
361
362
362
363
365
366
369
370
374
374
377
379
382
384
386
389
390
390
390
395
404
407
412
415
418
420
421
422
423
429
431
432
436
438
441
445
446
446
448
453
458
460
463
463
468
474
475
482
482
486
490
495
503
504
504
504
506
507
507
507
509
515
515
517
517
518
518
523
523
524
525
527
527
536
539
540
551
553
559
564
571
572
574
592
596
596
597
600
604
607
608
609
611
612
613
615
617
621
630
630
633
637
641
643
646
648
649
650
656
658
659
660
661
665
666
672
673
685
690
692
694
697
701
704
705
710
711
716
719
725
732
734
736
738
739
739
742
745
746
747
750
753
754
755
756
760
767
775
776
781
789
790
793
793
798
799
814
820
822
825
826
832
834
835
838
853
854
858
860
865
866
867
881
887
900
906
917
928
929
929
938
940
941
942
944
947
950
953
954
961
971
985
986
987
988
990
999
