856
747
396
661
72
777
298
551
60
861
42
637
331
236
474
877
391
929
222
229
863
778
605
413
173
752
573
939
366
996
386
574
95
783
236
519
560
534
70
973
395
465
962
79
53
788
956
444
717
178
674
933
308
279
346
482
383
919
773
749
267
159
676
714
942
912
234
855
798
656
828
546
121
142
625
175
931
933
971
0
111
645
933
772
924
280
254
659
551
27
761
819
186
437
533
481
349
119
336
499
776
516
45
249
10
670
776
941
603
748
942
67
393
875
191
670
507
445
329
59
824
442
230
10
879
115
843
580
235
531
80
363
399
477
612
410
148
389
351
103
489
293
522
234
521
713
904
28
510
586
87
334
28
317
697
260
785
540
840
20
72
920
383
471
398
347
233
898
88
585
353
577
230
228
164
751
941
420
780
804
6
219
138
387
889
835
647
674
728
487
46
152
760
781
975
158
128
209
408
569
794
761
498
376
989
662
128
283
83
260
87
441
479
577
828
720
765
827
746
493
667
792
997
427
925
972
937
406
533
345
975
327
458
473
56
448
488
184
83
571
796
170
12
627
99
193
348
864
372
94
709
39
239
706
818
164
31
755
922
564
452
897
244
911
723
300
711
211
836
794
782
632
316
146
259
415
339
959
632
712
406
341
103
645
400
922
161
783
29
84
699
482
333
943
745
408
595
456
619
431
