0
6
10
10
12
20
27
28
28
29
31
39
42
45
46
53
56
59
60
67
70
72
72
79
80
83
83
84
87
87
88
94
95
99
103
103
111
115
119
121
128
128
138
142
146
148
152
158
159
161
164
164
170
173
175
178
184
186
191
193
209
211
219
222
228
229
230
230
233
234
234
235
236
236
239
244
249
254
259
260
260
267
279
280
283
293
298
300
308
316
317
327
329
331
333
334
336
339
341
345
346
347
348
349
351
353
363
366
372
376
383
383
386
387
389
391
393
395
396
398
399
400
406
406
408
408
410
413
415
420
427
431
437
441
442
444
445
448
452
456
458
465
471
473
474
477
479
481
482
482
487
488
489
493
498
499
507
510
516
519
521
522
531
533
533
534
540
546
551
551
560
564
569
571
573
574
577
577
580
585
586
595
603
605
612
619
625
627
632
632
637
645
645
647
656
659
661
662
667
670
670
674
674
676
697
699
706
709
711
712
713
714
717
720
723
728
745
746
747
748
749
751
752
755
760
761
761
765
772
773
776
776
777
778
780
781
782
783
783
785
788
792
794
794
796
798
804
818
819
824
827
828
828
835
836
840
843
855
856
861
863
864
875
877
879
889
897
898
904
911
912
919
920
922
922
924
925
929
931
933
933
933
937
939
941
941
942
942
943
956
959
962
971
972
973
975
975
989
996
997
